5.000000000000000000e-01 6.250000000000061062e-02
5.202020202020202211e-01 -5.168875292815651168e-01
5.404040404040404422e-01 -8.388902249040312009e-01
5.606060606060605522e-01 -8.055636884344754556e-01
5.808080808080807733e-01 -4.572864045760017260e-01
6.010101010101009944e-01 5.173789968543915374e-02
6.212121212121212155e-01 5.181291828476163319e-01
6.414141414141414366e-01 7.678753234223849589e-01
6.616161616161616577e-01 7.190701494406370742e-01
6.818181818181818787e-01 4.067194034653439094e-01
7.020202020202019888e-01 -3.728841982424229567e-02
7.222222222222222099e-01 -4.390530648984135031e-01
7.424242424242424310e-01 -6.500836469626172232e-01
7.626262626262626521e-01 -6.015474472325241795e-01
7.828282828282828731e-01 -3.258663201738168369e-01
8.030303030303029832e-01 6.069105026665687352e-02
8.232323232323233153e-01 4.059464923799633307e-01
8.434343434343434254e-01 5.808490343380413590e-01
8.636363636363636465e-01 5.269748255038683160e-01
8.838383838383838675e-01 2.752305143905403595e-01
9.040404040404040886e-01 -6.993002893301948630e-02
9.242424242424243097e-01 -3.732884939064507468e-01
9.444444444444444198e-01 -5.213592844313353902e-01
9.646464646464647519e-01 -4.644140590483687991e-01
9.848484848484848619e-01 -2.326380275599529979e-01
1.005050505050505194e+00 7.860371020522098628e-02
1.025252525252525304e+00 3.475704705229966662e-01
1.045454545454545414e+00 4.733971323423682431e-01
1.065656565656565746e+00 4.135914879886813944e-01
1.085858585858585856e+00 1.979599060844965952e-01
1.106060606060605966e+00 -8.542539570723027553e-02
1.126262626262626299e+00 -3.258650336849970852e-01
1.146464646464646631e+00 -4.329759748106656314e-01
1.166666666666666741e+00 -3.703821395407735917e-01
1.186868686868686851e+00 -1.676832512419204613e-01
1.207070707070707183e+00 9.309688454963233051e-02
1.227272727272727293e+00 3.105659960469388525e-01
1.247474747474747403e+00 4.032998772320188774e-01
1.267676767676767735e+00 3.402845121753665381e-01
1.287878787878788067e+00 1.511606152330426667e-01
1.308080808080808177e+00 -8.699002501914725183e-02
1.328282828282828287e+00 -2.805473068329629172e-01
1.348484848484848619e+00 -3.556184575162107953e-01
1.368686868686868729e+00 -2.856721682463206347e-01
1.388888888888888840e+00 -1.002553570689680706e-01
1.409090909090909172e+00 1.279774374477970211e-01
1.429292929292929504e+00 3.123397459738415649e-01
1.449494949494949614e+00 3.857267845942597972e-01
1.469696969696969724e+00 3.257948630967389403e-01
1.489898989898990056e+00 1.623167986424083886e-01
1.510101010101010166e+00 -3.560979953129606024e-02
1.530303030303030498e+00 -1.870631565981473732e-01
1.550505050505050608e+00 -2.305921549248977909e-01
1.570707070707070718e+00 -1.472284911141442110e-01
1.590909090909091050e+00 3.337765275231301121e-02
1.611111111111111160e+00 2.456141565007294303e-01
1.631313131313131493e+00 4.140310494250775131e-01
1.651515151515151603e+00 4.825858504652883463e-01
1.671717171717171713e+00 4.357254956960826542e-01
1.691919191919192045e+00 3.034234914327381127e-01
1.712121212121212155e+00 1.486286737979908290e-01
1.732323232323232487e+00 4.235878390642924818e-02
1.752525252525252597e+00 3.628393094405713004e-02
1.772727272727272929e+00 1.433771561783354076e-01
1.792929292929293039e+00 3.338713316709513990e-01
1.813131313131313149e+00 5.477253578715350901e-01
1.833333333333333481e+00 7.184418329064190534e-01
1.853535353535353591e+00 7.988378431244114175e-01
1.873737373737373924e+00 7.788286376533372080e-01
1.893939393939394034e+00 6.885673135818235480e-01
1.914141414141414366e+00 5.860501572740066667e-01
1.934343434343434476e+00 5.342818661637731559e-01
1.954545454545454586e+00 5.769969875352171096e-01
1.974747474747474918e+00 7.223000557973070501e-01
1.994949494949495028e+00 9.403501608742677043e-01
2.015151515151515582e+00 1.175692739396587028e+00
2.035353535353535470e+00 1.369199339757353640e+00
2.055555555555555358e+00 1.480983969597654326e+00
2.075757575757576134e+00 1.505461069429588461e+00
2.095959595959596022e+00 1.472906281077706270e+00
2.116161616161616355e+00 1.437182349921413804e+00
2.136363636363636687e+00 1.454620724104940477e+00
2.156565656565656575e+00 1.562356324509838412e+00
2.176767676767676907e+00 1.764465888238939684e+00
2.196969696969697239e+00 2.031100306476576911e+00
2.217171717171717127e+00 2.310703646094572239e+00
2.237373737373737459e+00 2.550372443168971159e+00
2.257575757575757791e+00 2.716365518857084993e+00
2.277777777777777679e+00 2.806861417111388146e+00
2.297979797979798455e+00 2.852187735093460130e+00
2.318181818181818343e+00 2.902656444510460343e+00
2.338383838383838231e+00 3.008910667010054496e+00
2.358585858585859008e+00 3.202487213527574372e+00
2.378787878787878896e+00 3.484082464340236385e+00
2.398989898989899228e+00 3.823912355020901543e+00
2.419191919191919560e+00 4.173822049008449220e+00
2.439393939393939448e+00 4.486278599529332389e+00
2.459595959595959780e+00 4.732808636865123653e+00
2.479797979797980112e+00 4.914780693665159461e+00
2.500000000000000000e+00 5.062500000000000000e+00
